  1.000000,  1.000000,-53.000000,396.000000,-32.500895, 17.821606,  1.782161, 15.000000
  1.000000,  1.000000,-53.000000,440.000000,-50.296060,  9.146141,  0.914614, 15.000000
  1.000000,  1.000000,-97.000000,484.000000,-81.894439,  1.346942,  0.500000, 15.000000
  1.000000,  1.000000,-141.000000,528.000000,-113.492817,  6.452257,  0.645226, 15.000000
  1.000000,  1.000000,-141.000000,572.000000,-131.287983, 20.515490,  2.051549, 15.000000
  1.000000,  1.000000,-185.000000,572.000000,-145.091195, 14.251457,  1.425146, 15.000000
  1.000000,  1.000000,-185.000000,616.000000,-162.886361, 12.716291,  1.271629, 15.000000
  1.000000,  1.000000,-229.000000,616.000000,-176.689573, 22.050656,  2.205066, 15.000000
  1.000000,  1.000000,-229.000000,660.000000,-194.484739,  4.917091,  0.500000, 15.000000
  1.000000,  1.000000,-273.000000,704.000000,-226.083117,  2.882108,  0.500000, 15.000000
  1.000000,  1.000000,-317.000000,748.000000,-257.681495, 10.681307,  1.068131, 15.000000
  1.000000,  1.000000,-317.000000,792.000000,-275.476661, 16.286440,  1.628644, 15.000000
  1.000000,  1.000000,-361.000000,792.000000,-289.279873, 18.480507,  1.848051, 15.000000
  1.000000,  1.000000,-361.000000,836.000000,-307.075039,  8.487241,  0.848724, 15.000000
  1.000000,  1.000000,-405.000000,880.000000,-338.673417,  0.688042,  0.500000, 15.000000
  1.000000,  2.000000,405.000000,-792.000000,-235.693493,  9.424383,  0.942438, 15.000000
  1.000000,  2.000000,405.000000,-748.000000,-227.685795,  5.526167,  0.552617, 15.000000
  1.000000,  2.000000,361.000000,-704.000000,-216.785073, 20.905417,  2.090542, 15.000000
  1.000000,  2.000000,405.000000,-704.000000,-219.678097, 20.476717,  2.047672, 15.000000
  1.000000,  2.000000,361.000000,-660.000000,-208.777375,  5.954867,  0.595487, 15.000000
  1.000000,  2.000000,361.000000,-616.000000,-200.769677,  8.995684,  0.899568, 15.000000
  1.000000,  2.000000,317.000000,-572.000000,-189.868956, 17.435900,  1.743590, 15.000000
  1.000000,  2.000000,317.000000,-528.000000,-181.861257,  2.485350,  0.500000, 15.000000
  1.000000,  2.000000,317.000000,-484.000000,-173.853559, 12.465200,  1.246520, 15.000000
  1.000000,  2.000000,273.000000,-440.000000,-162.952838, 13.966384,  1.396638, 15.000000
  1.000000,  2.000000,273.000000,-396.000000,-154.945140,  0.984167,  0.500000, 15.000000
  1.000000,  2.000000,273.000000,-352.000000,-146.937442, 15.934717,  1.593472, 15.000000
  1.000000,  2.000000,229.000000,-308.000000,-136.036720, 10.496867,  1.049687, 15.000000
  1.000000,  2.000000,229.000000,-264.000000,-128.029022,  4.453683,  0.500000, 15.000000
  1.000000,  2.000000,185.000000,-220.000000,-117.128300, 21.977901,  2.197790, 15.000000
  1.000000,  2.000000,229.000000,-220.000000,-120.021324, 19.404234,  1.940423, 15.000000
  1.000000,  2.000000,185.000000,-176.000000,-109.120602,  7.027350,  0.702735, 15.000000
  1.000000,  2.000000,185.000000,-132.000000,-101.112904,  7.923200,  0.792320, 15.000000
  1.000000,  2.000000,141.000000,-88.000000,-90.212183, 18.508384,  1.850838, 15.000000
  1.000000,  2.000000,141.000000,-44.000000,-82.204485,  3.557834,  0.500000, 15.000000
  1.000000,  2.000000,141.000000,  0.000000,-74.196787, 11.392717,  1.139272, 15.000000
  1.000000,  2.000000, 97.000000, 44.000000,-63.296065, 15.038867,  1.503887, 15.000000
  1.000000,  2.000000, 97.000000, 88.000000,-55.288367,  0.500000,  0.500000, 15.000000
  1.000000,  2.000000, 97.000000,132.000000,-47.280669, 14.862234,  1.486223, 15.000000
  1.000000,  2.000000, 53.000000,176.000000,-36.379947, 11.569350,  1.156935, 15.000000
  1.000000,  2.000000, 53.000000,220.000000,-28.372249,  3.381200,  0.500000, 15.000000
  1.000000,  2.000000, 53.000000,264.000000,-20.364551, 18.331750,  1.833175, 15.000000
  2.000000,  1.000000,-53.000000,176.000000,-13.661211, 20.712428,  2.071243, 15.000000
  2.000000,  1.000000,-53.000000,220.000000,-17.820190, 10.422724,  1.042272, 15.000000
  2.000000,  1.000000,-53.000000,264.000000,-21.979169,  0.500000,  0.500000, 15.000000
  2.000000,  1.000000,-53.000000,308.000000,-26.138147, 10.156685,  1.015668, 15.000000
  2.000000,  1.000000,-53.000000,352.000000,-30.297126, 20.446389,  2.044639, 15.000000
  2.000000,  1.000000,-97.000000,352.000000,-31.297470, 22.333536,  2.233354, 15.000000
  2.000000,  1.000000,-97.000000,396.000000,-35.456449, 12.043831,  1.204383, 15.000000
  2.000000,  1.000000,-97.000000,440.000000,-39.615428,  1.754127,  0.500000, 15.000000
  2.000000,  1.000000,-97.000000,484.000000,-43.774406,  8.535578,  0.853558, 15.000000
  2.000000,  1.000000,-97.000000,528.000000,-47.933385, 18.825282,  1.882528, 15.000000
  2.000000,  1.000000,-141.000000,572.000000,-53.092708, 13.664939,  1.366494, 15.000000
  2.000000,  1.000000,-141.000000,616.000000,-57.251687,  3.375234,  0.500000, 15.000000
  2.000000,  1.000000,-141.000000,660.000000,-61.410666,  6.914470,  0.691447, 15.000000
  2.000000,  1.000000,-141.000000,704.000000,-65.569644, 17.204175,  1.720417, 15.000000
  2.000000,  1.000000,-185.000000,748.000000,-70.728967, 15.286046,  1.528605, 15.000000
  2.000000,  1.000000,-185.000000,792.000000,-74.887946,  4.996341,  0.500000, 15.000000
  2.000000,  1.000000,-185.000000,836.000000,-79.046925,  5.293363,  0.529336, 15.000000
  2.000000,  1.000000,-185.000000,880.000000,-83.205904, 15.583067,  1.558307, 15.000000
  2.000000,  1.000000,-229.000000,924.000000,-88.365227, 16.907153,  1.690715, 15.000000
  2.000000,  1.000000,-229.000000,968.000000,-92.524205,  6.617449,  0.661745, 15.000000
  2.000000,  1.000000,-229.000000,1012.000000,-96.683184,  3.672256,  0.500000, 15.000000
  2.000000,  1.000000,-229.000000,1056.000000,-100.842163, 13.961960,  1.396196, 15.000000
  2.000000,  1.000000,-273.000000,1100.000000,-106.001486, 18.528261,  1.852826, 15.000000
  2.000000,  1.000000,-273.000000,1144.000000,-110.160465,  8.238556,  0.823856, 15.000000
  2.000000,  1.000000,-273.000000,1188.000000,-114.319443,  2.051148,  0.500000, 15.000000
  2.000000,  1.000000,-273.000000,1232.000000,-118.478422, 12.340853,  1.234085, 15.000000
  2.000000,  1.000000,-317.000000,1276.000000,-123.637745, 20.149368,  2.014937, 15.000000
  2.000000,  1.000000,-317.000000,1320.000000,-127.796724,  9.859663,  0.985966, 15.000000
  2.000000,  1.000000,-317.000000,1364.000000,-131.955703,  0.500000,  0.500000, 15.000000
  2.000000,  1.000000,-317.000000,1408.000000,-136.114681, 10.719745,  1.071975, 15.000000
  2.000000,  1.000000,-317.000000,1452.000000,-140.273660, 21.009450,  2.100945, 15.000000
  2.000000,  1.000000,-361.000000,1452.000000,-141.274004, 21.770475,  2.177048, 15.000000
  2.000000,  1.000000,-361.000000,1496.000000,-145.432983, 11.480771,  1.148077, 15.000000
  2.000000,  1.000000,-361.000000,1540.000000,-149.591962,  1.191066,  0.500000, 15.000000
  2.000000,  1.000000,-361.000000,1584.000000,-153.750940,  9.098638,  0.909864, 15.000000
  2.000000,  1.000000,-361.000000,1628.000000,-157.909919, 19.388343,  1.938834, 15.000000
  2.000000,  1.000000,-405.000000,1672.000000,-163.069242, 13.101878,  1.310188, 15.000000
  2.000000,  1.000000,-405.000000,1716.000000,-167.228221,  2.812174,  0.500000, 15.000000
  2.000000,  1.000000,-405.000000,1760.000000,-171.387200,  7.477531,  0.747753, 15.000000
  2.000000,  1.000000,-405.000000,1804.000000,-175.546178, 17.767235,  1.776724, 15.000000
  2.000000,  2.000000, 53.000000,132.000000, 44.781672, 21.536346,  2.153635, 15.000000
  2.000000,  2.000000, 53.000000,176.000000, 63.365211,  7.212431,  0.721243, 15.000000
  2.000000,  2.000000, 53.000000,220.000000, 81.948749,  7.111484,  0.711148, 15.000000
  2.000000,  2.000000, 53.000000,264.000000,100.532287, 21.435399,  2.143540, 15.000000
  2.000000,  2.000000, 97.000000,264.000000,106.930571, 20.167791,  2.016779, 15.000000
  2.000000,  2.000000, 97.000000,308.000000,125.514109,  5.843876,  0.584388, 15.000000
  2.000000,  2.000000, 97.000000,352.000000,144.097648,  8.480039,  0.848004, 15.000000
  2.000000,  2.000000,141.000000,396.000000,169.079470, 18.799237,  1.879924, 15.000000
  2.000000,  2.000000,141.000000,440.000000,187.663008,  4.475322,  0.500000, 15.000000
  2.000000,  2.000000,141.000000,484.000000,206.246546,  9.848593,  0.984859, 15.000000
  2.000000,  2.000000,185.000000,528.000000,231.228368, 17.430682,  1.743068, 15.000000
  2.000000,  2.000000,185.000000,572.000000,249.811907,  3.106767,  0.500000, 15.000000
  2.000000,  2.000000,185.000000,616.000000,268.395445, 11.217148,  1.121715, 15.000000
  2.000000,  2.000000,229.000000,660.000000,293.377267, 16.062127,  1.606213, 15.000000
  2.000000,  2.000000,229.000000,704.000000,311.960805,  1.738212,  0.500000, 15.000000
  2.000000,  2.000000,229.000000,748.000000,330.544344, 12.585703,  1.258570, 15.000000
  2.000000,  2.000000,273.000000,792.000000,355.526166, 14.693573,  1.469357, 15.000000
  2.000000,  2.000000,273.000000,836.000000,374.109704,  0.500000,  0.500000, 15.000000
  2.000000,  2.000000,273.000000,880.000000,392.693242, 13.954257,  1.395426, 15.000000
  2.000000,  2.000000,317.000000,924.000000,417.675065, 13.325018,  1.332502, 15.000000
  2.000000,  2.000000,317.000000,968.000000,436.258603,  0.998897,  0.500000, 15.000000
  2.000000,  2.000000,317.000000,1012.000000,454.842141, 15.322812,  1.532281, 15.000000
  2.000000,  2.000000,361.000000,1056.000000,479.823963, 11.956463,  1.195646, 15.000000
  2.000000,  2.000000,361.000000,1100.000000,498.407502,  2.367452,  0.500000, 15.000000
  2.000000,  2.000000,361.000000,1144.000000,516.991040, 16.691367,  1.669137, 15.000000
  2.000000,  2.000000,405.000000,1188.000000,541.972862, 10.587909,  1.058791, 15.000000
  2.000000,  2.000000,405.000000,1232.000000,560.556400,  3.736006,  0.500000, 15.000000
  2.000000,  2.000000,405.000000,1276.000000,579.139939, 18.059922,  1.805992, 15.000000
  3.000000,  1.000000,-53.000000,-528.000000, 19.590575, 17.645835,  1.764584, 15.000000
  3.000000,  1.000000,-97.000000,-484.000000, 41.150585, 11.368423,  1.136842, 15.000000
  3.000000,  1.000000,-141.000000,-484.000000, 57.612531,  1.647950,  0.500000, 15.000000
  3.000000,  1.000000,-185.000000,-484.000000, 74.074477, 14.664324,  1.466432, 15.000000
  3.000000,  1.000000,-229.000000,-440.000000, 95.634487, 14.349934,  1.434993, 15.000000
  3.000000,  1.000000,-273.000000,-440.000000,112.096434,  1.333561,  0.500000, 15.000000
  3.000000,  1.000000,-317.000000,-440.000000,128.558380, 11.682813,  1.168281, 15.000000
  3.000000,  1.000000,-361.000000,-396.000000,150.118390, 17.331446,  1.733145, 15.000000
  3.000000,  1.000000,-405.000000,-396.000000,166.580336,  4.315072,  0.500000, 15.000000
  3.000000,  2.000000, 53.000000,-484.000000, 66.497514, 11.439785,  1.143978, 15.000000
  3.000000,  2.000000, 53.000000,-440.000000, 99.191232, 17.944498,  1.794450, 15.000000
  3.000000,  2.000000, 97.000000,-440.000000,128.524996, 14.805525,  1.480552, 15.000000
  3.000000,  2.000000, 97.000000,-396.000000,161.218714, 14.578757,  1.457876, 15.000000
  3.000000,  2.000000,141.000000,-396.000000,190.552478, 18.171265,  1.817127, 15.000000
  3.000000,  2.000000,141.000000,-352.000000,223.246196, 11.213017,  1.121302, 15.000000
  3.000000,  2.000000,185.000000,-352.000000,252.579961, 21.537005,  2.153701, 15.000000
  3.000000,  2.000000,185.000000,-308.000000,285.273679,  7.847277,  0.784728, 15.000000
  3.000000,  2.000000,229.000000,-264.000000,347.301161,  4.481537,  0.500000, 15.000000
  3.000000,  2.000000,273.000000,-220.000000,409.328643,  1.115796,  0.500000, 15.000000
  3.000000,  2.000000,317.000000,-176.000000,471.356126,  2.249944,  0.500000, 15.000000
  3.000000,  2.000000,361.000000,-132.000000,533.383608,  5.615684,  0.561568, 15.000000
  3.000000,  2.000000,405.000000,-88.000000,595.411090,  8.981425,  0.898142, 15.000000
  3.000000,  2.000000,405.000000,-44.000000,628.104809, 20.402858,  2.040286, 15.000000
  4.000000,  1.000000,-53.000000,836.000000,106.689687,  1.746441,  0.500000, 15.000000
  4.000000,  1.000000,-97.000000,836.000000,180.181469, 20.513696,  2.051370, 15.000000
  4.000000,  1.000000,-97.000000,880.000000,214.838449, 19.283165,  1.928317, 15.000000
  4.000000,  1.000000,-141.000000,880.000000,288.330230,  0.515910,  0.500000, 15.000000
  4.000000,  1.000000,-185.000000,880.000000,361.822012, 18.251344,  1.825134, 15.000000
  4.000000,  1.000000,-185.000000,924.000000,396.478991, 21.545517,  2.154552, 15.000000
  4.000000,  1.000000,-229.000000,924.000000,469.970773,  2.778262,  0.500000, 15.000000
  4.000000,  1.000000,-273.000000,924.000000,543.462554, 15.988993,  1.598899, 15.000000
  4.000000,  1.000000,-317.000000,968.000000,651.611316,  5.040613,  0.504061, 15.000000
  4.000000,  1.000000,-361.000000,968.000000,725.103097, 13.726642,  1.372664, 15.000000
  4.000000,  1.000000,-405.000000,1012.000000,833.251858,  7.302964,  0.730296, 15.000000
  4.000000,  2.000000,361.000000,528.000000,-794.326612, 18.129503,  1.812950, 15.000000
  4.000000,  2.000000,405.000000,528.000000,-855.836446,  7.748475,  0.774847, 15.000000
  4.000000,  2.000000,317.000000,572.000000,-688.086521,  8.421945,  0.842195, 15.000000
  4.000000,  2.000000,361.000000,572.000000,-749.596355, 17.456032,  1.745603, 15.000000
  4.000000,  2.000000,273.000000,616.000000,-581.846430,  1.285612,  0.500000, 15.000000
  4.000000,  2.000000,185.000000,660.000000,-414.096505, 14.884808,  1.488481, 15.000000
  4.000000,  2.000000,229.000000,660.000000,-475.606339, 10.993170,  1.099317, 15.000000
  4.000000,  2.000000,141.000000,704.000000,-307.856414,  5.177250,  0.517725, 15.000000
  4.000000,  2.000000,185.000000,704.000000,-369.366248, 20.700727,  2.070073, 15.000000
  4.000000,  2.000000, 53.000000,748.000000,-140.106489, 21.347670,  2.134767, 15.000000
  4.000000,  2.000000, 97.000000,748.000000,-201.616323,  4.530307,  0.500000, 15.000000
  4.000000,  2.000000, 53.000000,792.000000,-95.376232, 14.237865,  1.423786, 15.000000
  5.000000,  1.000000,-405.000000,-1408.000000,-716.718021, 20.640431,  2.064043, 15.000000
  5.000000,  1.000000,-405.000000,-1364.000000,-684.539658,  1.246704,  0.500000, 15.000000
  5.000000,  1.000000,-361.000000,-1320.000000,-633.909864, 15.036219,  1.503622, 15.000000
  5.000000,  1.000000,-361.000000,-1276.000000,-601.731501,  6.850916,  0.685092, 15.000000
  5.000000,  1.000000,-317.000000,-1232.000000,-551.101708,  9.432007,  0.943201, 15.000000
  5.000000,  1.000000,-317.000000,-1188.000000,-518.923345, 12.455128,  1.245513, 15.000000
  5.000000,  1.000000,-273.000000,-1144.000000,-468.293552,  3.827795,  0.500000, 15.000000
  5.000000,  1.000000,-229.000000,-1100.000000,-417.663759, 20.110718,  2.011072, 15.000000
  5.000000,  1.000000,-273.000000,-1100.000000,-436.115189, 18.059340,  1.805934, 15.000000
  5.000000,  1.000000,-229.000000,-1056.000000,-385.485396,  1.776417,  0.500000, 15.000000
  5.000000,  1.000000,-185.000000,-1012.000000,-334.855602, 14.506507,  1.450651, 15.000000
  5.000000,  1.000000,-185.000000,-968.000000,-302.677239,  7.380628,  0.738063, 15.000000
  5.000000,  1.000000,-141.000000,-924.000000,-252.047446,  8.902295,  0.890229, 15.000000
  5.000000,  1.000000,-141.000000,-880.000000,-219.869083, 12.984840,  1.298484, 15.000000
  5.000000,  1.000000,-97.000000,-836.000000,-169.239290,  3.298083,  0.500000, 15.000000
  5.000000,  1.000000,-53.000000,-792.000000,-118.609496, 19.581006,  1.958101, 15.000000
  5.000000,  1.000000,-97.000000,-792.000000,-137.060927, 18.589052,  1.858905, 15.000000
  5.000000,  1.000000,-53.000000,-748.000000,-86.431134,  2.306129,  0.500000, 15.000000
  5.000000,  2.000000, 53.000000,-616.000000, -5.879706, 19.122748,  1.912275, 15.000000
  5.000000,  2.000000, 53.000000,-572.000000, -9.110814,  5.534620,  0.553462, 15.000000
  5.000000,  2.000000, 97.000000,-528.000000,-14.528156,  6.249941,  0.624994, 15.000000
  5.000000,  2.000000, 97.000000,-484.000000,-17.759263, 18.407427,  1.840743, 15.000000
  5.000000,  2.000000,141.000000,-484.000000,-19.945498, 18.034502,  1.803450, 15.000000
  5.000000,  2.000000,141.000000,-440.000000,-23.176605,  6.622866,  0.662287, 15.000000
  5.000000,  2.000000,185.000000,-396.000000,-28.593947,  5.161695,  0.516169, 15.000000
  5.000000,  2.000000,185.000000,-352.000000,-31.825054, 19.495673,  1.949567, 15.000000
  5.000000,  2.000000,229.000000,-352.000000,-34.011289, 16.946256,  1.694626, 15.000000
  5.000000,  2.000000,229.000000,-308.000000,-37.242396,  7.711112,  0.771111, 15.000000
  5.000000,  2.000000,273.000000,-264.000000,-42.659738,  4.073449,  0.500000, 15.000000
  5.000000,  2.000000,273.000000,-220.000000,-45.890845, 20.583920,  2.058392, 15.000000
  5.000000,  2.000000,317.000000,-220.000000,-48.077080, 15.858010,  1.585801, 15.000000
  5.000000,  2.000000,317.000000,-176.000000,-51.308187,  8.799359,  0.879936, 15.000000
  5.000000,  2.000000,361.000000,-132.000000,-56.725529,  2.985202,  0.500000, 15.000000
  5.000000,  2.000000,361.000000,-88.000000,-59.956636, 21.672166,  2.167217, 15.000000
  5.000000,  2.000000,405.000000,-88.000000,-62.142871, 14.769764,  1.476976, 15.000000
  5.000000,  2.000000,405.000000,-44.000000,-65.373978,  9.887605,  0.988760, 15.000000
  6.000000,  1.000000,-53.000000, 44.000000,-33.831958,  2.839397,  0.500000, 15.000000
  6.000000,  1.000000,-97.000000, 88.000000,-57.748038,  3.571268,  0.500000, 15.000000
  6.000000,  1.000000,-141.000000,132.000000,-81.664118,  9.981933,  0.998193, 15.000000
  6.000000,  1.000000,-141.000000,176.000000,-94.860704, 17.759880,  1.775988, 15.000000
  6.000000,  1.000000,-185.000000,176.000000,-105.580197, 16.392598,  1.639260, 15.000000
  6.000000,  1.000000,-185.000000,220.000000,-118.776784, 11.349215,  1.134921, 15.000000
  6.000000,  1.000000,-229.000000,264.000000,-142.692864,  4.938550,  0.500000, 15.000000
  6.000000,  1.000000,-273.000000,308.000000,-166.608944,  1.472115,  0.500000, 15.000000
  6.000000,  1.000000,-317.000000,352.000000,-190.525023,  7.882781,  0.788278, 15.000000
  6.000000,  1.000000,-317.000000,396.000000,-203.721610, 19.859033,  1.985903, 15.000000
  6.000000,  1.000000,-361.000000,396.000000,-214.441103, 14.293446,  1.429345, 15.000000
  6.000000,  1.000000,-361.000000,440.000000,-227.637690, 13.448368,  1.344837, 15.000000
  6.000000,  1.000000,-405.000000,440.000000,-238.357183, 20.704111,  2.070411, 15.000000
  6.000000,  1.000000,-405.000000,484.000000,-251.553770,  7.037703,  0.703770, 15.000000
  6.000000,  2.000000, 53.000000,  0.000000,-74.325843, 19.508425,  1.950842, 15.000000
  6.000000,  2.000000, 97.000000,  0.000000,-132.755885, 14.466840,  1.446684, 15.000000
  6.000000,  2.000000,141.000000,  0.000000,-191.185927,  9.425256,  0.942526, 15.000000
  6.000000,  2.000000,185.000000,  0.000000,-249.615969,  4.383671,  0.500000, 15.000000
  6.000000,  2.000000,229.000000,  0.000000,-308.046011,  0.657914,  0.500000, 15.000000
  6.000000,  2.000000,273.000000,  0.000000,-366.476053,  5.699498,  0.569950, 15.000000
  6.000000,  2.000000,317.000000,  0.000000,-424.906095, 10.741083,  1.074108, 15.000000
  6.000000,  2.000000,361.000000,  0.000000,-483.336137, 15.782667,  1.578267, 15.000000
  6.000000,  2.000000,405.000000,  0.000000,-541.766180, 20.824252,  2.082425, 15.000000
  7.000000,  1.000000,-405.000000,-572.000000,-239.626885, 20.093758,  2.009376, 15.000000
  7.000000,  1.000000,-273.000000,-528.000000,-162.931810, 21.026697,  2.102670, 15.000000
  7.000000,  1.000000,-317.000000,-528.000000,-185.888907,  6.833106,  0.683311, 15.000000
  7.000000,  1.000000,-361.000000,-528.000000,-208.846004,  7.360485,  0.736048, 15.000000
  7.000000,  1.000000,-405.000000,-528.000000,-231.803101, 21.554075,  2.155408, 15.000000
  7.000000,  1.000000,-141.000000,-484.000000,-86.236735, 21.959636,  2.195964, 15.000000
  7.000000,  1.000000,-185.000000,-484.000000,-109.193832,  7.766045,  0.776605, 15.000000
  7.000000,  1.000000,-229.000000,-484.000000,-132.150929,  6.427545,  0.642755, 15.000000
  7.000000,  1.000000,-273.000000,-484.000000,-155.108026, 20.621136,  2.062114, 15.000000
  7.000000,  1.000000,-53.000000,-440.000000,-32.498757,  8.698985,  0.869898, 15.000000
  7.000000,  1.000000,-97.000000,-440.000000,-55.455854,  5.494606,  0.549461, 15.000000
  7.000000,  1.000000,-141.000000,-440.000000,-78.412951, 19.688197,  1.968820, 15.000000
  7.000000,  2.000000,405.000000,-2464.000000,-23.619106, 16.360556,  1.636056, 15.000000
  7.000000,  2.000000,361.000000,-2420.000000,-23.038263, 18.686672,  1.868667, 15.000000
  7.000000,  2.000000,361.000000,-2376.000000,-22.549882, 10.501863,  1.050186, 15.000000
  7.000000,  2.000000,361.000000,-2332.000000,-22.061500,  2.317055,  0.500000, 15.000000
  7.000000,  2.000000,361.000000,-2288.000000,-21.573119,  5.867753,  0.586775, 15.000000
  7.000000,  2.000000,361.000000,-2244.000000,-21.084738, 14.052561,  1.405256, 15.000000
  7.000000,  2.000000,317.000000,-2200.000000,-20.503895, 20.994666,  2.099467, 15.000000
  7.000000,  2.000000,361.000000,-2200.000000,-20.596356, 22.237370,  2.223737, 15.000000
  7.000000,  2.000000,317.000000,-2156.000000,-20.015513, 12.809858,  1.280986, 15.000000
  7.000000,  2.000000,317.000000,-2112.000000,-19.527132,  4.625050,  0.500000, 15.000000
  7.000000,  2.000000,317.000000,-2068.000000,-19.038750,  3.559759,  0.500000, 15.000000
  7.000000,  2.000000,317.000000,-2024.000000,-18.550369, 11.744567,  1.174457, 15.000000
  7.000000,  2.000000,317.000000,-1980.000000,-18.061987, 19.929375,  1.992938, 15.000000
  7.000000,  2.000000,273.000000,-1936.000000,-17.481144, 15.117852,  1.511785, 15.000000
  7.000000,  2.000000,273.000000,-1892.000000,-16.992763,  6.933044,  0.693304, 15.000000
  7.000000,  2.000000,273.000000,-1848.000000,-16.504382,  1.251764,  0.500000, 15.000000
  7.000000,  2.000000,273.000000,-1804.000000,-16.016000,  9.436573,  0.943657, 15.000000
  7.000000,  2.000000,273.000000,-1760.000000,-15.527619, 17.621381,  1.762138, 15.000000
  7.000000,  2.000000,229.000000,-1716.000000,-14.946776, 17.425847,  1.742585, 15.000000
  7.000000,  2.000000,229.000000,-1672.000000,-14.458394,  9.241038,  0.924104, 15.000000
  7.000000,  2.000000,229.000000,-1628.000000,-13.970013,  1.056230,  0.500000, 15.000000
  7.000000,  2.000000,229.000000,-1584.000000,-13.481631,  7.128578,  0.712858, 15.000000
  7.000000,  2.000000,229.000000,-1540.000000,-12.993250, 15.313387,  1.531339, 15.000000
  7.000000,  2.000000,185.000000,-1496.000000,-12.412407, 19.733841,  1.973384, 15.000000
  7.000000,  2.000000,185.000000,-1452.000000,-11.924025, 11.549033,  1.154903, 15.000000
  7.000000,  2.000000,185.000000,-1408.000000,-11.435644,  3.364224,  0.500000, 15.000000
  7.000000,  2.000000,185.000000,-1364.000000,-10.947263,  4.820584,  0.500000, 15.000000
  7.000000,  2.000000,185.000000,-1320.000000,-10.458881, 13.005392,  1.300539, 15.000000
  7.000000,  2.000000,141.000000,-1276.000000, -9.878038, 22.041835,  2.204184, 15.000000
  7.000000,  2.000000,185.000000,-1276.000000, -9.970500, 21.190200,  2.119020, 15.000000
  7.000000,  2.000000,141.000000,-1232.000000, -9.389657, 13.857027,  1.385703, 15.000000
  7.000000,  2.000000,141.000000,-1188.000000, -8.901275,  5.672219,  0.567222, 15.000000
  7.000000,  2.000000,141.000000,-1144.000000, -8.412894,  2.512590,  0.500000, 15.000000
  7.000000,  2.000000,141.000000,-1100.000000, -7.924512, 10.697398,  1.069740, 15.000000
  7.000000,  2.000000,141.000000,-1056.000000, -7.436131, 18.882206,  1.888221, 15.000000
  7.000000,  2.000000, 97.000000,-1012.000000, -6.855288, 16.165021,  1.616502, 15.000000
  7.000000,  2.000000, 97.000000,-968.000000, -6.366906,  7.980213,  0.798021, 15.000000
  7.000000,  2.000000, 97.000000,-924.000000, -5.878525,  0.500000,  0.500000, 15.000000
  7.000000,  2.000000, 97.000000,-880.000000, -5.390144,  8.389403,  0.838940, 15.000000
  7.000000,  2.000000, 97.000000,-836.000000, -4.901762, 16.574212,  1.657421, 15.000000
  7.000000,  2.000000, 53.000000,-792.000000, -4.320919, 18.473016,  1.847302, 15.000000
  7.000000,  2.000000, 53.000000,-748.000000, -3.832538, 10.288207,  1.028821, 15.000000
  7.000000,  2.000000, 53.000000,-704.000000, -3.344156,  2.103399,  0.500000, 15.000000
  7.000000,  2.000000, 53.000000,-660.000000, -2.855775,  6.081409,  0.608141, 15.000000
  7.000000,  2.000000, 53.000000,-616.000000, -2.367393, 14.266217,  1.426622, 15.000000
  8.000000,  1.000000,-405.000000, 88.000000,325.134107, 16.577186,  1.657719, 15.000000
  8.000000,  1.000000,-361.000000,132.000000,288.568274, 12.358852,  1.235885, 15.000000
  8.000000,  1.000000,-405.000000,132.000000,308.093469, 16.573105,  1.657311, 15.000000
  8.000000,  1.000000,-317.000000,176.000000,252.002440,  8.140518,  0.814052, 15.000000
  8.000000,  1.000000,-361.000000,176.000000,271.527635, 20.791440,  2.079144, 15.000000
  8.000000,  1.000000,-273.000000,220.000000,215.436606,  3.922184,  0.500000, 15.000000
  8.000000,  1.000000,-229.000000,264.000000,178.870772,  0.500000,  0.500000, 15.000000
  8.000000,  1.000000,-185.000000,308.000000,142.304938,  4.514485,  0.500000, 15.000000
  8.000000,  1.000000,-97.000000,352.000000, 86.213909, 20.199138,  2.019914, 15.000000
  8.000000,  1.000000,-141.000000,352.000000,105.739104,  8.732819,  0.873282, 15.000000
  8.000000,  1.000000,-53.000000,396.000000, 49.648075, 15.980804,  1.598080, 15.000000
  8.000000,  1.000000,-97.000000,396.000000, 69.173270, 12.951153,  1.295115, 15.000000
  8.000000,  1.000000,-53.000000,440.000000, 32.607436, 17.169488,  1.716949, 15.000000
  8.000000,  2.000000, 53.000000,572.000000,-18.061811, 15.953275,  1.595328, 15.000000
  8.000000,  2.000000, 53.000000,616.000000,-24.358987,  2.037239,  0.500000, 15.000000
  8.000000,  2.000000, 53.000000,660.000000,-30.656162, 11.878796,  1.187880, 15.000000
  8.000000,  2.000000, 97.000000,704.000000,-39.052734, 15.946562,  1.594656, 15.000000
  8.000000,  2.000000, 97.000000,748.000000,-45.349910,  2.030526,  0.500000, 15.000000
  8.000000,  2.000000, 97.000000,792.000000,-51.647086, 11.885509,  1.188551, 15.000000
  8.000000,  2.000000,141.000000,836.000000,-60.043658, 15.939849,  1.593985, 15.000000
  8.000000,  2.000000,141.000000,880.000000,-66.340834,  2.023813,  0.500000, 15.000000
  8.000000,  2.000000,141.000000,924.000000,-72.638009, 11.892222,  1.189222, 15.000000
  8.000000,  2.000000,185.000000,968.000000,-81.034581, 15.933136,  1.593314, 15.000000
  8.000000,  2.000000,185.000000,1012.000000,-87.331757,  2.017100,  0.500000, 15.000000
  8.000000,  2.000000,185.000000,1056.000000,-93.628933, 11.898935,  1.189894, 15.000000
  8.000000,  2.000000,229.000000,1100.000000,-102.025505, 15.926423,  1.592642, 15.000000
  8.000000,  2.000000,229.000000,1144.000000,-108.322680,  2.010387,  0.500000, 15.000000
  8.000000,  2.000000,229.000000,1188.000000,-114.619856, 11.905648,  1.190565, 15.000000
  8.000000,  2.000000,273.000000,1232.000000,-123.016428, 15.919710,  1.591971, 15.000000
  8.000000,  2.000000,273.000000,1276.000000,-129.313604,  2.003674,  0.500000, 15.000000
  8.000000,  2.000000,273.000000,1320.000000,-135.610780, 11.912361,  1.191236, 15.000000
  8.000000,  2.000000,317.000000,1364.000000,-144.007352, 15.912997,  1.591300, 15.000000
  8.000000,  2.000000,317.000000,1408.000000,-150.304527,  1.996961,  0.500000, 15.000000
  8.000000,  2.000000,317.000000,1452.000000,-156.601703, 11.919075,  1.191907, 15.000000
  8.000000,  2.000000,361.000000,1496.000000,-164.998275, 15.906284,  1.590628, 15.000000
  8.000000,  2.000000,361.000000,1540.000000,-171.295451,  1.990248,  0.500000, 15.000000
  8.000000,  2.000000,361.000000,1584.000000,-177.592626, 11.925788,  1.192579, 15.000000
  8.000000,  2.000000,405.000000,1628.000000,-185.989198, 15.899571,  1.589957, 15.000000
  8.000000,  2.000000,405.000000,1672.000000,-192.286374,  1.983535,  0.500000, 15.000000
  8.000000,  2.000000,405.000000,1716.000000,-198.583550, 11.932501,  1.193250, 15.000000
  9.000000,  1.000000,-405.000000,-484.000000,-551.102344,  5.940422,  0.594042, 15.000000
  9.000000,  1.000000,-361.000000,-440.000000,-489.043806,  2.879336,  0.500000, 15.000000
  9.000000,  1.000000,-317.000000,-396.000000,-426.985267,  0.500000,  0.500000, 15.000000
  9.000000,  1.000000,-273.000000,-352.000000,-364.926729,  3.242835,  0.500000, 15.000000
  9.000000,  1.000000,-229.000000,-308.000000,-302.868190,  6.303921,  0.630392, 15.000000
  9.000000,  1.000000,-141.000000,-264.000000,-208.252093, 20.179479,  2.017948, 15.000000
  9.000000,  1.000000,-185.000000,-264.000000,-240.809652,  9.365007,  0.936501, 15.000000
  9.000000,  1.000000,-97.000000,-220.000000,-146.193555, 17.118393,  1.711839, 15.000000
  9.000000,  1.000000,-141.000000,-220.000000,-178.751113, 12.426093,  1.242609, 15.000000
  9.000000,  1.000000,-53.000000,-176.000000,-84.135016, 14.057308,  1.405731, 15.000000
  9.000000,  1.000000,-97.000000,-176.000000,-116.692575, 15.487179,  1.548718, 15.000000
  9.000000,  1.000000,-53.000000,-132.000000,-54.634036, 18.548264,  1.854826, 15.000000
  9.000000,  2.000000, 53.000000, 88.000000,-14.954013, 15.829616,  1.582962, 15.000000
  9.000000,  2.000000, 53.000000,132.000000,-18.133692,  7.730133,  0.773013, 15.000000
  9.000000,  2.000000, 53.000000,176.000000,-21.313370,  0.500000,  0.500000, 15.000000
  9.000000,  2.000000, 53.000000,220.000000,-24.493049,  8.468833,  0.846883, 15.000000
  9.000000,  2.000000, 53.000000,264.000000,-27.672728, 16.568316,  1.656832, 15.000000
  9.000000,  2.000000, 97.000000,308.000000,-31.447896, 18.580304,  1.858030, 15.000000
  9.000000,  2.000000, 97.000000,352.000000,-34.627575, 10.480821,  1.048082, 15.000000
  9.000000,  2.000000, 97.000000,396.000000,-37.807253,  2.381338,  0.500000, 15.000000
  9.000000,  2.000000, 97.000000,440.000000,-40.986932,  5.718145,  0.571814, 15.000000
  9.000000,  2.000000, 97.000000,484.000000,-44.166611, 13.817628,  1.381763, 15.000000
  9.000000,  2.000000, 97.000000,528.000000,-47.346290, 21.917111,  2.191711, 15.000000
  9.000000,  2.000000,141.000000,528.000000,-47.941779, 21.330992,  2.133099, 15.000000
  9.000000,  2.000000,141.000000,572.000000,-51.121458, 13.231509,  1.323151, 15.000000
  9.000000,  2.000000,141.000000,616.000000,-54.301137,  5.132026,  0.513203, 15.000000
  9.000000,  2.000000,141.000000,660.000000,-57.480815,  2.967457,  0.500000, 15.000000
  9.000000,  2.000000,141.000000,704.000000,-60.660494, 11.066940,  1.106694, 15.000000
  9.000000,  2.000000,141.000000,748.000000,-63.840173, 19.166423,  1.916642, 15.000000
  9.000000,  2.000000,185.000000,792.000000,-67.615341, 15.982197,  1.598220, 15.000000
  9.000000,  2.000000,185.000000,836.000000,-70.795020,  7.882714,  0.788271, 15.000000
  9.000000,  2.000000,185.000000,880.000000,-73.974698,  0.500000,  0.500000, 15.000000
  9.000000,  2.000000,185.000000,924.000000,-77.154377,  8.316252,  0.831625, 15.000000
  9.000000,  2.000000,185.000000,968.000000,-80.334056, 16.415735,  1.641573, 15.000000
  9.000000,  2.000000,229.000000,1012.000000,-84.109224, 18.732885,  1.873289, 15.000000
  9.000000,  2.000000,229.000000,1056.000000,-87.288903, 10.633402,  1.063340, 15.000000
  9.000000,  2.000000,229.000000,1100.000000,-90.468581,  2.533919,  0.500000, 15.000000
  9.000000,  2.000000,229.000000,1144.000000,-93.648260,  5.565564,  0.556556, 15.000000
  9.000000,  2.000000,229.000000,1188.000000,-96.827939, 13.665047,  1.366505, 15.000000
  9.000000,  2.000000,229.000000,1232.000000,-100.007618, 21.764529,  2.176453, 15.000000
  9.000000,  2.000000,273.000000,1232.000000,-100.603107, 21.483573,  2.148357, 15.000000
  9.000000,  2.000000,273.000000,1276.000000,-103.782786, 13.384090,  1.338409, 15.000000
  9.000000,  2.000000,273.000000,1320.000000,-106.962464,  5.284607,  0.528461, 15.000000
  9.000000,  2.000000,273.000000,1364.000000,-110.142143,  2.814876,  0.500000, 15.000000
  9.000000,  2.000000,273.000000,1408.000000,-113.321822, 10.914359,  1.091436, 15.000000
  9.000000,  2.000000,273.000000,1452.000000,-116.501501, 19.013841,  1.901384, 15.000000
  9.000000,  2.000000,317.000000,1496.000000,-120.276669, 16.134778,  1.613478, 15.000000
  9.000000,  2.000000,317.000000,1540.000000,-123.456348,  8.035295,  0.803530, 15.000000
  9.000000,  2.000000,317.000000,1584.000000,-126.636026,  0.500000,  0.500000, 15.000000
  9.000000,  2.000000,317.000000,1628.000000,-129.815705,  8.163671,  0.816367, 15.000000
  9.000000,  2.000000,317.000000,1672.000000,-132.995384, 16.263153,  1.626315, 15.000000
  9.000000,  2.000000,361.000000,1716.000000,-136.770552, 18.885466,  1.888547, 15.000000
  9.000000,  2.000000,361.000000,1760.000000,-139.950231, 10.785983,  1.078598, 15.000000
  9.000000,  2.000000,361.000000,1804.000000,-143.129909,  2.686500,  0.500000, 15.000000
  9.000000,  2.000000,361.000000,1848.000000,-146.309588,  5.412983,  0.541298, 15.000000
  9.000000,  2.000000,361.000000,1892.000000,-149.489267, 13.512465,  1.351247, 15.000000
  9.000000,  2.000000,361.000000,1936.000000,-152.668946, 21.611948,  2.161195, 15.000000
  9.000000,  2.000000,405.000000,1936.000000,-153.264435, 21.636154,  2.163615, 15.000000
  9.000000,  2.000000,405.000000,1980.000000,-156.444114, 13.536671,  1.353667, 15.000000
  9.000000,  2.000000,405.000000,2024.000000,-159.623792,  5.437188,  0.543719, 15.000000
  9.000000,  2.000000,405.000000,2068.000000,-162.803471,  2.662295,  0.500000, 15.000000
  9.000000,  2.000000,405.000000,2112.000000,-165.983150, 10.761777,  1.076178, 15.000000
  9.000000,  2.000000,405.000000,2156.000000,-169.162829, 18.861260,  1.886126, 15.000000
 10.000000,  1.000000,-405.000000,-1540.000000,-400.602475, 13.849723,  1.384972, 15.000000
 10.000000,  1.000000,-405.000000,-1496.000000,-391.989980,  4.648050,  0.500000, 15.000000
 10.000000,  1.000000,-405.000000,-1452.000000,-383.377485,  4.553623,  0.500000, 15.000000
 10.000000,  1.000000,-405.000000,-1408.000000,-374.764990, 13.755296,  1.375530, 15.000000
 10.000000,  1.000000,-361.000000,-1364.000000,-364.310646, 20.070107,  2.007011, 15.000000
 10.000000,  1.000000,-361.000000,-1320.000000,-355.698151, 10.868434,  1.086843, 15.000000
 10.000000,  1.000000,-361.000000,-1276.000000,-347.085656,  1.666762,  0.500000, 15.000000
 10.000000,  1.000000,-361.000000,-1232.000000,-338.473161,  7.534911,  0.753491, 15.000000
 10.000000,  1.000000,-361.000000,-1188.000000,-329.860666, 16.736584,  1.673658, 15.000000
 10.000000,  1.000000,-317.000000,-1144.000000,-319.406323, 17.088819,  1.708882, 15.000000
 10.000000,  1.000000,-317.000000,-1100.000000,-310.793828,  7.887146,  0.788715, 15.000000
 10.000000,  1.000000,-317.000000,-1056.000000,-302.181333,  1.314527,  0.500000, 15.000000
 10.000000,  1.000000,-317.000000,-1012.000000,-293.568838, 10.516200,  1.051620, 15.000000
 10.000000,  1.000000,-317.000000,-968.000000,-284.956342, 19.717872,  1.971787, 15.000000
 10.000000,  1.000000,-273.000000,-924.000000,-274.501999, 14.107530,  1.410753, 15.000000
 10.000000,  1.000000,-273.000000,-880.000000,-265.889504,  4.905858,  0.500000, 15.000000
 10.000000,  1.000000,-273.000000,-836.000000,-257.277009,  4.295815,  0.500000, 15.000000
 10.000000,  1.000000,-273.000000,-792.000000,-248.664514, 13.497488,  1.349749, 15.000000
 10.000000,  1.000000,-229.000000,-748.000000,-238.210170, 20.327915,  2.032791, 15.000000
 10.000000,  1.000000,-229.000000,-704.000000,-229.597675, 11.126242,  1.112624, 15.000000
 10.000000,  1.000000,-229.000000,-660.000000,-220.985180,  1.924569,  0.500000, 15.000000
 10.000000,  1.000000,-229.000000,-616.000000,-212.372685,  7.277103,  0.727710, 15.000000
 10.000000,  1.000000,-229.000000,-572.000000,-203.760190, 16.478776,  1.647878, 15.000000
 10.000000,  1.000000,-185.000000,-528.000000,-193.305846, 17.346626,  1.734663, 15.000000
 10.000000,  1.000000,-185.000000,-484.000000,-184.693351,  8.144954,  0.814495, 15.000000
 10.000000,  1.000000,-185.000000,-440.000000,-176.080856,  1.056719,  0.500000, 15.000000
 10.000000,  1.000000,-185.000000,-396.000000,-167.468361, 10.258392,  1.025839, 15.000000
 10.000000,  1.000000,-185.000000,-352.000000,-158.855866, 19.460065,  1.946006, 15.000000
 10.000000,  1.000000,-141.000000,-308.000000,-148.401523, 14.365338,  1.436534, 15.000000
 10.000000,  1.000000,-141.000000,-264.000000,-139.789028,  5.163665,  0.516367, 15.000000
 10.000000,  1.000000,-141.000000,-220.000000,-131.176533,  4.038007,  0.500000, 15.000000
 10.000000,  1.000000,-141.000000,-176.000000,-122.564038, 13.239680,  1.323968, 15.000000
 10.000000,  1.000000,-97.000000,-132.000000,-112.109694, 20.585722,  2.058572, 15.000000
 10.000000,  1.000000,-97.000000,-88.000000,-103.497199, 11.384050,  1.138405, 15.000000
 10.000000,  1.000000,-97.000000,-44.000000,-94.884704,  2.182377,  0.500000, 15.000000
 10.000000,  1.000000,-97.000000,  0.000000,-86.272209,  7.019296,  0.701930, 15.000000
 10.000000,  1.000000,-97.000000, 44.000000,-77.659714, 16.220969,  1.622097, 15.000000
 10.000000,  1.000000,-53.000000, 88.000000,-67.205370, 17.604434,  1.760443, 15.000000
 10.000000,  1.000000,-53.000000,132.000000,-58.592875,  8.402761,  0.840276, 15.000000
 10.000000,  1.000000,-53.000000,176.000000,-49.980380,  0.798911,  0.500000, 15.000000
 10.000000,  1.000000,-53.000000,220.000000,-41.367885, 10.000584,  1.000058, 15.000000
 10.000000,  1.000000,-53.000000,264.000000,-32.755390, 19.202257,  1.920226, 15.000000
 10.000000,  2.000000, 53.000000,440.000000, 10.012829,  6.407407,  0.640741, 15.000000
 10.000000,  2.000000, 97.000000,484.000000, 20.550882, 12.654267,  1.265427, 15.000000
 10.000000,  2.000000,141.000000,484.000000, 27.515501,  7.431836,  0.743184, 15.000000
 10.000000,  2.000000,185.000000,528.000000, 38.053554, 11.629838,  1.162984, 15.000000
 10.000000,  2.000000,229.000000,528.000000, 45.018173,  8.456265,  0.845627, 15.000000
 10.000000,  2.000000,273.000000,572.000000, 55.556226, 10.605409,  1.060541, 15.000000
 10.000000,  2.000000,317.000000,572.000000, 62.520845,  9.480694,  0.948069, 15.000000
 10.000000,  2.000000,361.000000,616.000000, 73.058899,  9.580980,  0.958098, 15.000000
 10.000000,  2.000000,405.000000,616.000000, 80.023517, 10.505123,  1.050512, 15.000000
